=== Sun Sep 04 11:16:54 ICT 2016 ===
page_name: xadontreotuongverygood
*** phones ***
0985235148
01656837180
0914593198
0912230497
0964796080
01639941203
01678719773
01663580079
0962999974
0943688638
01648509439
01655999869
01668988961
01689928400
0975073937
01664740717
0972917920
0973792591
01654920052
0969011992
01643946972
0965747783
0968714375
0965388188
0963891603
0973187891
0977688860
0964386108
01699341994
0945228989
0945949889
0986151646
0982003111
0962790269
0918719896
01634885889
0906297023
01667393094
0979957671
0973540469
01697271001
01637792270
01649725808
0987590336
0913498352
01659785361
01629208386
01627969689
0969115748
01663662454
0984373414
0927958292
01658103464
01698719055
0966145635
0988833083
0974820996
0915024030
0976051982
01663090319
0979099888
0961088962
0945728055
0945355989
01635122557
0966616677
0978281985
0978117573
01633462396
0916361188
0905996779
0973735131
0936828665
0965664091
01696679291
0983321583
0987100318
0902290257
0971666368
0912852867
0902290256
01659120235
0987809584
0919950135
01243068575
01678879628
0966191511
0989853352
0978034268
0963007666
01654444990
0987858954
0966318912
0969687365
0963988688
0979232387
01677141645
0969613032
0948557299
0975570394
01664449262
0974324566
01648708633
0969326001
0987677158
0965889400
01255151989
01655652878
0964844644
0963719197
0975712574
0984485286
01696464149
01649606821
0936547999
0977901991
0975443333
0979487521
0969960194
01697648791
0898362222
0973604115
0985909697
01678458687
01647890151
01649461643
0903691995
01673774536
0983727816
0974380274
0963969568
0989918788
0963665242
0962453371
0949451988
01673742922
01669249632
0979083918
0976313155
0964025772
0966040991
01637728090
0969601942
01665555558
0977057567
0986298510
0914886336
0961291333
0936171987
01658599616
0949870855
0963388995
0972894336
01666601886
0935021990
01656439626
0982004844
0989992389
0984227286
0982818888
0967218182
0976535886
0982470075
01676365835
01655757963
0969766299
0979805787
0978523529
0983383833
0983736742
0966026696
0918233362
01699546840
0984872448
0913507825
0964696271
0971342993
0989252204
0964022289
0966628248
0948809491
0979172214
0972946846
01696608407
01653896808
0983929257
0948741777
0913933333
0978084900
0948623309
0989377341
01654444932
0944588638
0962784846
01635332811
0975982928
0948072583
0941568761
0938866168
01653500538
0932358333
0986943845
0988938119
0919863636
0964246680
01662020668
0943826827
01649742345
0965268324
01649671462
0988771082
0944310335
01214034999
0936127733
0986742457
0988710501
0982965444
01252044165
0977291963
0989757909
0985302434
0972363637
0977477620
06088641358
0903229075
0962085353
01677854176
01667884547
0965828097
01696930711
0949584666
0966596125
0962431990
0961002638
0987172342
0975051209
01648001645
01659013780
0968013506
01297733456
0983324128
0935737484
01655942163
01679925994
0914730875
0989468333
0977942115
01674806145
0904888281
01672648268
0964785726
0962907388
0888199999
01635103323
0936602399
0985144712
01636672635
01229399717
0904216786
0934550123
0964682524
0941727378
0947759744
0978033402
0962004363
0961963666
0968272394
01638351922
01626871963
01648214074
0988221368
0936626355
0989996226
01695529378
0964555402
0967568756
0969580834
0938866583
0979927491
0963822569
0936651789
01663581888
0989311988
0912950549
0965666713
0963025500
0868489997
0904286679
0903247785
0904754999
0918114353
01674698900
0985040806
01252467471
0946827288
0961354697
0906036061
01649763781
0978624584
0988907488
0978763678
0945576859
01626764889
0973765432
0982882642
01279270791
0973754318
01699888908
0972977976
0976898076
0965453321
0975888856
01266103059
0978249485
01643885924
0962144595
0986961675
01634184089
0973085065
0903922466
01664140978
097842296
0974894768
0964106790
0962141096
01634352597
0975744078
0948554104
0976496520
0983010607
0909989737
01627190053
01686918711
01658608625
0904736736
0987988222
0977636328
0978918722
0978396789
01627635192
0988623979
0978585772
0972998887
0968088211
0964703923
0983584383
01633834000
0965859206
0966062450
0972064309
0906277936
01252123444
0967870886
01649723216
0983972526
0945256109
0986854745
0954233554
0968649557
0943667667
0972010929
0974202119
0943606289
01252449212
0968462674
0973174935
01664289787
01682223957
0987807765
01665901524
0982398666
0982172821
0909427990
01656606005
0916565645
0985361351
0928363663
0974114659
01666108883
0974621004
0903261177
0904043046
0946275087
0977037186
01662311922
0912379532
0974681987
0946628438
0978460787
0979397017
0972825785
0983051995
0972570930
0986935768
0983073303
0963097114
0966681247
01683975797
01657412420
0973862905
0914798451
0986217961
0988091155
0965063368
0963555224
01654446681
0978081064
01639040326
0902292928
0937966226
01699205993
01676612085
0974194725
01679626882
0986259750
01672289888
0985143417
0945662598
0963987410
0983104917
0972125303
0978862088
0962046636
0979484900
0964123244
0926913454
01659580487
0987262921
01639248333
01642085345
0989793522
0982212048
0985988071
01693522975
0977542890
0989260733
01638398599
0888117677
0508920574
0964322479
0986819568
0983912017
0969470472
0986355715
0974658302
0973386161
01646648818
01628871973
01674113276
0975204589
0915018110
0986026335
0987327498
01276468730
01634448668
01296141996
0978928131
01298111168
0944094012
0965289561
0975752075
0988060960
0988859551
0945216866
0979829269
01626759406
0919799080
0977616683
0974343809
0986061516
0978487838
0984793240
0934404399
0947255067
01692716263
01653131843
0972201000
0978461694
0987910000
01252083286
01659018679
0985134791
0988757989
0963088701
01646480508
0985829168
01698682860
0915316408
01233660881
01644666601
01646972409
0904670982
01644112436
0972238311
01634221999
01665126855
0962611909
0967551777
01642645602
0915021947
0947478886
0975684270
0912687382
0983690990
0982006746
0975751198
01644731586
0974143599
0966772091
0972069816
01863938607
0971464430
0945777339
01685634567
0911121120
0912989859
0912989858
01663332868
01249557762
01259315555
0977751000
09698399877
0902990556
0948211912
0985935287
0905846789
0912552436
0986058312
01685402212
0968996825
0946908668
0979360340
01216797727
0981369791
01645244116
01697423738
0986218523
01634389392
0987867567
0987125943
0986138388
01684134556
01676736988
0911515888
01646112332
0968711187
01648444532
0967138207
01668063931
0988214013
01652774698
01658861885
01688233058
0911455888
0936787959
0962062927
0909495154
0944631268
0979478522
0915155794
0986397837
01665595568
0904886769
0986883583
01234126621
0982915700
0968497303
0986116114
0975802202
01232964885
0946212078
0965863374
0982674426
01687432357
01677555803
0964791347
0913697466
0979296585
0965068320
0978629578
0968117790
0972423567
0901984899
0983418474
0928890589
0964464473
0904886389
0982659269
01299301298
0912130133
0963499124
0941861818
0988181666
0942118088
01633725574
01632045360
01628763826
0988110491
0944628966
0976057110
0963465364
0969045288
0919246669
0932775182
0966897579
0902145329
0908761887
0977050816
0978362982
0963289094
0915592450
0968059325
0912339661
01684900776
01637222120
0983002658
0914070496
0962195275
01679793859
0966280354
0975639690
0964756144
0983543000
0971073636
0961362122
01633214987
0984638666
0996728147
01686215957
0987189154
0978422968
0936463629
0968440031
0987986756
0985367595
01678153792
0982836352
01699592884
0973505758
01698181111
0967397721
01699402072
0982359101
01688117588
0982303101
01219121279
01204076284
0969524695
0984582723
0947855673
0977836114
01222555552
0982009394
0968423502
0915141567
0948251995
0986390367
0981483080
01646905165
0912350499
0987055533
0979192385
0974304693
01239585503
01659635333
0982733688
0983920594
0976741395
01689681689
0932233881
01659853826
01646244633
0983282634
0975681226
0979691889
0919019521
0936110284
0976768862
0987174879
0961249073
0915471417
01628142478
0968390201
0979022373
0978240988
0972453713
0988931283
0979916226
01689222211
0962626963
0979507989
0962682665
0987804768
0948773226
0976606882
01699402469
01695559963
01684859289
0987879054
01633829628
0982332592
0904100311
0985628061
01666185906
0915115789
0972163007
01674295797
0989974850
01688628208
0936787595
01653010407
01664215445
0976861991
0967511786
0973202237
01688255638
0986510155
01665038688
01668063121
0973640777
0973833852
0945503121
0964402214
01696792795
01647409664
0988113951
0987850696
0977832988
01693123743
0975962922
01699088089
01697174444
01659676222
01639600080
01697575108
0989573336
0964315418
0977345586
0943738586
01628587185
0974961291
0972877886
0986984639
0936012682
0963000344
0971660388
0961216119
0902029020
01627830701
0965260207
01674706220
0983385401
0989108134
01657814223
0986960699
0904400403
0972781375
0983131766
0989273752
0987616005
0985022261
0931368774
0919904953
0975141243
0462191227
0313506683
01639489447
0968631936
0963069662
0986364129
01678771272
0983589728
01656542754
01289544401
0981758497
01676117767
01659678832
01254662862
01634711722
0967880330
0978765706
01673371114
0967365665
01663815433
0904929522
01232714778
0911117984
0963799642
0969810897
01629547097
0976706562
01647796515
0979982952
01629481282
0969597564
01652923786
01693304096
0932117293
0986832826
0971381668
0982960699
01662003525
0983056066
01644515248
01677194720
0943838688
01635484672
0988069390
0904440039
01698761211
01649889925
01645595320
0989476686
01639499286
0969615894
0973083371
01635844317
01289247088
0972941666
0911211911
0967273532
01673739182
0943422989
0986619175
01659073935
0976466196
01233161444
01649575753
01699644583
0983224392
01687109195
0986886665
01657667712
0942618368
0967110294
0947330805
0985895168
0918925457
0986247891
0982007535
0948616575
0934132885
0982830246
01645109683
0968612380
0968300759
0982320549
01673556691
0977868992
0948105588
0965221986
0973681658
01679511308
0989697006
0977833404
0982981112
0978039660
0977748383
0904411911
0962289506
0976809332
01684542356
0969974627
01687219983
01235461039
0975258290
0963562095
0985174034
01698831576
01699668997
01626240002
01665702886
0971780907
01699707703
0989479755
01252022711
0981791091
01228577077
0986606389
0902262807
0963636513
0977555075
0962001878
0969859998
0934238836
01648833604
0988265516
0966899259
01648718607
0983253985
0977228401
01674012314
0967653690
0911696368
0983438810
0972078659
0903527744
0934910462
0962815865
0919393751
01643008802
0983064194
0969731369
0978678238
01679369551
0981940599
0985589088
0962933919
0973766086
0965278324
0964662678
01666686168
0979666099
01682360940
0916111033
0972054683
0963088808
0965566636
01665590190
0986384841
0982765600
0911071701
0989839680
0978268755
01672612875
0902438381
0989825036
0966984405
0974694125
0973295093
0966377962
0979039583
01257426279
01643611310
01697071611
01655228899
0964457215
01685357267
0978281755
0988139419
0904138117
0934379193
01629166203
01653930246
0988448666
01648468606
0976885339
0905623252
0976430968
01629943314
0985738368
01299599037
0961136505
01635862383
0909957958
09193939751
0968057298
09763479421
0903203061
01653597691
0967801257
01219111991
0989991246
01669220168
000594873
0988618401
01698699189
0942812602
0974818460
0964445607
01647904694
0988163505
0962273552
01658496580
0977740486
0968346467
01665561216
0943535666
0965633592
0901918424
0984797311
01643608591
0914571562
0983999315
0916885775
01654530340
0972688665
0972616145
0966212758
0989604988
0973344193
0976882258
0975861587
01664311886
0962681765
0936888111
0974990420
0978305865
01636476235
0966082600
0914011191
01663777981
01684678649
0977609401
01649449313
0919705707
01697001327
01666261597
0913911777
01682716969
0945064755
01678328397
0989334880
0973092769
01666208967
0915534000
0989331379
0919478819
0987961336
01295877777
0982174319
0984001671
0963341631
0972616134
0941892476
01685091696
0983418374
0981076019
0967305249
01683704724
0985836895
0976919679
01696513865
0912601886
0974430497
0964514334
0968662469
0969824058
01643699851
0942811333
0973202992
0983651431
0962106063
01696419765
01693048636
01662388333
0941261147
0961388645
0964863115
0168905433
0974989894
0967788147
0945771066
0964336061
01699835467
0982379290
01647441322
0975358478
01678654107
0915118217
01683656994
0972152215
0985302203
0917536684
0967238805
01693142743
0975827695
0989776407
0968673136
01676656656
0989776406
0936597168
0962667896
0947786631
0964876883
0968051929
0964096721
01643351971
0906226880
0984720358
01658947456
0985639096
01256866578
0967648666
0983808623
01627405816
0978477343
0983473127
0982976737
01693350499
0917512355
0972415547
0947000456
0981764429
0981514941
01676082292
01648639267
0988351985
01685751266
0966330053
0969398822
0936771919
01669170115
0972997382
0983102094
0967674974
0905859369
0983853686
0985819921
0888919983
01657945407
0969430612
0979910832
01659630594
01644726555
01673486874
0947286373
0964002444
0983662918
0948159908
0901567333
0983201996
0932394678
0962279699
097355403
0976378319
01649248845
0987023898
01698079727
01699536093
0972325635
0916741986
01673408916
0903200455
0936505915
0942780986
0987256860
0986624204
0989145186
0961113455
01685820688
034371854
0934264268
0971700998
0936948668
01672034821
0975030961
0967996712
0965789309
097553142
1
0978892506
0976489594
01654825277
01695376601
0985967769
01657475783
0977277020
0963451714
0983492828
09032060611
0976157352
0969210999
0987565655
01665745288
0932621986
01672476495
0984091124
0989468107
0944798235
0988669996
0935371102
0912283683
0986067922
0976105725
0986444994
01639316230
0983024586
01652912993
0974674176
01636610575
0936936237
0979047161
01663631594
0968823637
01869915993
0169457709
0976893837
0942861111
0986175483
01675189283
0975379802
01669750818
0912509568
0913191189
01655184261
0931585222
0964802576
01648418277
0977515469
01673106584
01686225283
0912775529
0982800549
0975346902
0949198613
01675535673
01689424699
0915334470
0989586904
01642366888
0906007367
0983703295
0965644279
0978329399
09864449994
01658209585
0966555452
01664036985
0976719534
01636584003
0968689593
0982120180
0983768151
01662795501
0962775329
01675731317
0985815171
01205963855
0986913337
0986897689
0915161988
0978133318
0976457110
01659891186
01682957916
0989224892
01643552123
0912321187
0963889018
01692638818
01637416856
0904636378
0969216222
0969888579
0969179650
0979678574
01678880000
0978678302
01676616686
0903180195
01649712368
0978318699
0934580185
01653472906
0986993898
0966286511
0935653588
0979573792
0943932358
0963301579
0963031120
01663735216
01678293099
0936268691
0969692553
0977075639
0976483860
0982064877
0903036736
0912862820
0988161299
01673643828
01683372807
0983283413
0975293374
01686659666
01643786860
0981906609
01687636789
0986191947
01678540199
0976820005
01648099513
0965129893
0974064444
01685154869
01638881999
0965815460
0969055222
0938633791
0982839266
0915095141
0989211651
0989690142
0969523151
0936875578
01256577508
0916766698
0989339822
0972650357
0978954208
0964698310
01655267726
0986184498
01666177611
0982730827
0982083398
01627533473
0987122658
01649582213
0981953323
0982933305
0963818678
0984576250
01633363331
0968866318
0976166787
0968643398
0985523348
0984438111
0912458387
0963833807
01675603738
0964275993
0979966265
0934296885
0972523784
01646865293
01636332730
0968356168
01688477952
0989176373
0989625932
0968114918
01687036858
0917270897
0916884768
0904876718
0966338282
01683965464
01638331717
0944221992
0968396693
0984246797
01683578480
0915701084
0912623558
094371848
0981721063
0982076661
0979888261
0969158369
0975306692
01648305794
0933453938
0984840301
0982548909
0985624220
0985376234
01636393992
0981285570
01252281111
01692458666
0976862595
0964632947
0974616796
0974521234
0975752242
0941585584
0971796756
0936669887
0908709003
01673900694
0979448901
01682926693
01648071182
0968793220
0968444666
0962594661
0916328668
0967320997
0972107111
0983618930
057946002
01682222088
01635921994
01659012735
0964642327
01677486145
01694804597
0978123265
01688803366
0964434000
01674101567
01254986688
0967633903
0984443516
01688331988
0964827181
0934485585
01688987696
01638224506
01669666546
0988934912
01666006400
0968383767
0919522073
0965818591
0977093770
01694577099
0987029009
098463866
0949123971
0964422483
0984357668
0904053886
01682075627
0977475377
01684280016
0906052882
01642477573
0948936308
0969113046
0971571406
0918991538
0975567075
0984906454
0942808286
0966628114
0977100183
0942369677
01654860830
01669856660
0969839877
0918080483
0916866933
0983613281
0979697701
0972414828
0969425919
0971259865
01692186668
01627234444
0981814366
0988240137
0966794966
0936286229
0986394948
0904681861
01234048166
0946430822
0974712574
01688416172
0906279357
0976603084
0943417738
0985517099
0987429301
0965655665
01689593629
0948423590
01682455268
0906459704
0984181036
0945856222
0983404053
0971462075
0902205991
0913632777
0926897936
0905682818
0977779633
0965308505
01665835738
0888516158
0967244370
0975989883
0989099412
01653634196
0963270672
0963980688
0962679745
01693909216
0989043894
0912070123
01675613979
0986135019
01219296668
0965224434
01667778255
0984328246
0916908338
0969527067
0989756886
0975888799
01689772691
0904110383
01688413898
0907036886
0916498302
01686344008
0967714495
01666661202
0982250038
01659115579
0945505596
0976674218
0987540660
01679579120
01633740901
0962025399
0888669726
01688997899
096890408
0984380849
0913004735
01657992949
0942949339
0987345672
0962555560
01655294538
0989962636
0987300720
0989285478
0969358338
0942446304
0967878668
0989215233
01683250114
01677754597
0977276268
0976663108
0984866048
0962349889
0979721001
0988894091
0966163419
01663724471
0973407227
0948184186
0976603594
0983723134
01263125197
0937813253
0986326444
0969279489
0975316823
01659918105
0989982222
01667244932
0973592886
0981978583
01203388943
0966795886
0976858523
0982620792
01637870461
0913692425
0972295088
0976812374
01668222382
0966907216
0989801984
0936880038
0936376555
0985248921
01657561262
0936858134
0989080767
0938090316
0979039839
0974938273
0973706731
01658879384
01629479127
01663684304
01257298889
0973157842
0903427683
0983589989
01665992415
0989149203
0967078788
0976764203
0973167645
0974530992
01636887660
0988858835
0949528625
0985991983
01662521959
0945412565
01672743884
01656077259
0986983556
0934862666
0936981126
0979573290
0973773196
0972136136
0986098998
01643299905
01698084386
01634170687
0983770310
0987162253
0919987966
0971165499
01636195929
0967948555
0975718305
0961221798
01635323341
0982962626
0981226363
0974615915
0962786152
0907260384
01654040411
01677134099
0902241246
0978194800
01256761425
0982316268
0977377714
0976705483
0962431811
01238888498
0976748175
0974940941
0988839679
0988386551
0988161367
0936349338
0916052386
01627262442
01697562420
0946743236
01682189026
0966425183
0913812666
0974887072
01669315798
01663643898
0984874020
0972274552
0969008431
0986759559
0966501713
0912850944
0963657020
0916472992
0901977899
0989936726
0972916000
0902659194
0963382845
0972053330
01252765408
0978155697
0888129313
0904737919
0914754745
0962756766
0969357870
0976154355
0969580934
0941115186
0974171739
01693573174
0904555026
01686360909
01653619007
0969396179
0936257686
0983654123
01628935097
01263327283
01678907657
0986541994
01682671692
0976478399
0905735715
0989058478
0974646683
0982160927
0947384888
0984589900
0988026423
01692159506
0962921980
0915550083
0974059078
01676745617
0969812410
0948184559
